5051
1501
1900
1444
793
7367
600
601
761
589
515
615
574
360
702
118
325
306
151
144
275
151
202
1247
164
164
130
1077
304
635
580
662
14419
759
810
834
219
362
654
725
896
3911
2727
124
204
202
753
449
124
249
325
664
1623
211
373
170
104
185
269
226
211
1730
165
121
179
1080
217
155
153
194
429
145
179
201
150
217
1413
71
120
148
1120
151
127
231
129
154
565
73
2507
827
3616
10975
2531
11950
468
2104
945
4146
586
2067
9889
6503
9662
225
956
771
5473
925
463
220
277
255
262
321
155
274
1825
344
1697
179
2743
1636
986
2344
3259
2149
1548
